# Frequency                gain                      delta_phi                
4.999999999999998295e+02 4.601476469887852416e-01 3.946495527102595879e-01
5.001191519196800641e+02 4.600796194947699980e-01 3.942165109016828595e-01
5.002383322337202003e+02 4.601903285129901322e-01 3.934336835614775651e-01
5.003575409488867649e+02 4.606341526103930328e-01 3.919066911558504174e-01
5.004767780719478765e+02 4.605794017031843990e-01 3.907342582139690101e-01
5.005960436096735862e+02 4.612330379292011728e-01 3.870164590156757178e-01
5.007153375688344568e+02 4.614072503029228445e-01 3.863577121547461246e-01
5.008346599562037795e+02 4.617650418093698916e-01 3.852850964723639748e-01
5.009540107785561531e+02 4.613392566797147043e-01 3.837234655130878913e-01
5.010733900426676541e+02 4.614973681640927583e-01 3.810624293056621426e-01
5.011927977553162350e+02 4.622365129929898453e-01 3.791371980877467074e-01
5.013122339232810987e+02 4.628528903859479571e-01 3.789114846551302485e-01
5.014316985533433808e+02 4.629177318465126922e-01 3.761556025123131697e-01
5.015511916522856950e+02 4.628888106973246819e-01 3.757089102478445852e-01
5.016707132268927012e+02 4.629928876383484493e-01 3.727574943637090854e-01
5.017902632839493435e+02 4.634359868559063123e-01 3.708238256766147600e-01
5.019098418302436357e+02 4.636099531484903502e-01 3.708431505633065228e-01
5.020294488725645579e+02 4.643216586496978771e-01 3.677140908443115030e-01
5.021490844177029089e+02 4.637920088336550672e-01 3.665349119811107670e-01
5.022687484724510227e+02 4.643976414447196222e-01 3.642597032766179410e-01
5.023884410436027679e+02 4.647010985032788422e-01 3.623146954491702765e-01
5.025081621379537751e+02 4.647188052994819518e-01 3.609766078724629956e-01
5.026279117623012098e+02 4.647028776803689976e-01 3.598395172507680151e-01
5.027476899234438861e+02 4.656120779232151841e-01 3.579005924226748014e-01
5.028674966281827210e+02 4.649158023211995561e-01 3.565743749508678562e-01
5.029873318833188023e+02 4.655544094689457180e-01 3.547699762330607243e-01
5.031071956956562303e+02 4.656955022314523407e-01 3.522263390695505869e-01
5.032270880720004129e+02 4.661621361205764424e-01 3.520223120704568665e-01
5.033470090191581221e+02 4.659974331309660878e-01 3.484786206143692944e-01
5.034669585439380057e+02 4.669769242032096868e-01 3.469300108792712223e-01
5.035869366531501328e+02 4.671027764906382496e-01 3.460301814211859117e-01
5.037069433536063912e+02 4.665109280231056754e-01 3.437316049647121119e-01
5.038269786521200899e+02 4.671279777961844237e-01 3.427791202107135504e-01
5.039470425555066981e+02 4.677059754851838891e-01 3.399575961089107423e-01
5.040671350705820259e+02 4.682570470861937562e-01 3.396162844169934303e-01
5.041872562041647825e+02 4.681095039838621408e-01 3.378460501768119073e-01
5.043074059630748138e+02 4.680418202120352755e-01 3.352753096022338397e-01
5.044275843541337281e+02 4.683603586727884682e-01 3.338541548159521533e-01
5.045477913841646682e+02 4.689858898924705866e-01 3.315147212619815598e-01
5.046680270599923688e+02 4.689041291259380406e-01 3.308824351204058267e-01
5.047882913884432128e+02 4.690303450441536404e-01 3.299797638153703083e-01
5.049085843763452885e+02 4.693740804352241613e-01 3.267863422846155608e-01
5.050289060305286739e+02 4.690761773848071692e-01 3.255514662843559393e-01
5.051492563578237309e+02 4.695192892908121030e-01 3.238194444622015666e-01
5.052696353650638912e+02 4.702078506091333931e-01 3.220764969383385079e-01
5.053900430590836663e+02 4.700305070912967342e-01 3.196661329890355674e-01
5.055104794467191596e+02 4.701227955796707381e-01 3.188514042095267342e-01
5.056309445348082932e+02 4.705359034225931048e-01 3.182640452794931463e-01
5.057514383301904104e+02 4.711340139828257834e-01 3.148472715738006578e-01
5.058719608397065599e+02 4.705775180491841847e-01 3.134370012136713513e-01
5.059925120701994388e+02 4.710899119760803555e-01 3.116266106265341840e-01
5.061130920285134493e+02 4.717964255913542626e-01 3.118999414459278086e-01
5.062337007214948699e+02 4.713975317497497985e-01 3.097096958863683192e-01
5.063543381559904333e+02 4.717847374380397807e-01 3.068850894165247034e-01
5.064750043388498284e+02 4.711839035889057725e-01 3.051066507731996502e-01
5.065956992769238809e+02 4.710866169110008994e-01 3.015273544526291261e-01
5.067164229770650650e+02 4.725656677901770575e-01 3.015259673670165341e-01
5.068371754461275032e+02 4.715394659415572676e-01 3.012243281915814030e-01
5.069579566909669666e+02 4.727101125722303343e-01 2.986392701924280857e-01
5.070787667184407610e+02 4.726802201858074093e-01 2.962783390165846242e-01
5.071996055354078976e+02 4.730103803031955323e-01 2.954983766411252155e-01
5.073204731487295476e+02 4.729350758464184179e-01 2.931568048373978108e-01
5.074413695652670526e+02 4.733212457916219362e-01 2.915544740637909804e-01
5.075622947918847672e+02 4.738516470967484850e-01 2.901719083414473488e-01
5.076832488354482962e+02 4.737863074386446938e-01 2.883350449470714061e-01
5.078042317028247794e+02 4.746565081971919620e-01 2.863937699501475365e-01
5.079252434008830619e+02 4.740996911036769457e-01 2.841709221813228936e-01
5.080462839364935803e+02 4.740613485122402437e-01 2.823508612164160603e-01
5.081673533165284766e+02 4.739636325477191714e-01 2.807505457931429582e-01
5.082884515478614276e+02 4.746554368017723013e-01 2.787743352602594094e-01
5.084095786373683268e+02 4.750357743992015824e-01 2.771125544913410899e-01
5.085307345919252384e+02 4.751508144270408796e-01 2.763465736999641820e-01
5.086519194184112962e+02 4.756603399518984920e-01 2.735723192405230542e-01
5.087731331237067707e+02 4.744776277709706336e-01 2.715077942062724681e-01
5.088943757146935809e+02 4.756135518452987432e-01 2.712152258888824718e-01
5.090156471982553512e+02 4.760667344377596533e-01 2.689958960732887761e-01
5.091369475812772407e+02 4.756536941341865110e-01 2.652498359647754711e-01
5.092582768706461138e+02 4.762403498351199249e-01 2.649366268576733852e-01
5.093796350732504834e+02 4.756829190838684496e-01 2.633583910266485972e-01
5.095010221959805108e+02 4.756625637950661067e-01 2.618755858023020799e-01
5.096224382457282900e+02 4.759700604268493063e-01 2.600395454557014041e-01
5.097438832293865403e+02 4.768144521727647467e-01 2.566001772627681810e-01
5.098653571538505958e+02 4.772442807883195970e-01 2.557994805896313117e-01
5.099868600260172116e+02 4.767189316596657234e-01 2.529012509778953977e-01
5.101083918527848482e+02 4.766980319480775830e-01 2.525016116697420543e-01
5.102299526410533304e+02 4.781415461633094499e-01 2.504065493435461143e-01
5.103515423977244154e+02 4.772708248421628219e-01 2.502167372635297760e-01
5.104731611297013387e+02 4.771201554013791424e-01 2.474001068263627090e-01
5.105948088438889840e+02 4.771928513763245006e-01 2.452580431570865471e-01
5.107164855471944520e+02 4.778458133992730117e-01 2.431482109551770243e-01
5.108381912465250139e+02 4.775255792164809221e-01 2.434058865394619353e-01
5.109599259487910103e+02 4.781557817793389842e-01 2.388405146166934223e-01
5.110816896609039759e+02 4.786688969431208696e-01 2.389341707624952349e-01
5.112034823897769797e+02 4.787368021112027860e-01 2.360214337885642166e-01
5.113253041423249101e+02 4.792773025965397227e-01 2.354801244386264258e-01
5.114471549254641900e+02 4.786527536761025492e-01 2.341431774413917921e-01
5.115690347461128908e+02 4.791341590644808690e-01 2.303184464980838619e-01
5.116909436111908462e+02 4.791940335720222821e-01 2.306684035365713648e-01
5.118128815276198225e+02 4.796441460573954707e-01 2.276210836320577968e-01
5.119348485023219837e+02 4.790911550016210829e-01 2.261961817657183182e-01
5.120568445422225068e+02 4.792467257677693881e-01 2.232603152728054319e-01
5.121788696542477055e+02 4.801161914406909537e-01 2.219204842372457520e-01
5.123009238453256557e+02 4.794165996322841128e-01 2.216018553573211314e-01
5.124230071223859113e+02 4.796474054634953244e-01 2.193573501151693250e-01
5.125451194923597313e+02 4.803963015240106937e-01 2.177571011730057293e-01
5.126672609621803076e+02 4.802692614946273975e-01 2.152770038358795546e-01
5.127894315387819688e+02 4.806580099836910147e-01 2.146173192639770910e-01
5.129116312291015447e+02 4.805682325462064530e-01 2.122010956010456084e-01
5.130338600400760924e+02 4.801335689536250784e-01 2.091639167561529788e-01
5.131561179786456250e+02 4.801971466148226009e-01 2.086672466112489133e-01
5.132784050517511787e+02 4.807072038421185134e-01 2.064788627429821055e-01
5.134007212663358359e+02 4.798363235678182459e-01 2.036306121788955537e-01
5.135230666293440436e+02 4.806321916805458283e-01 2.045912553694582137e-01
5.136454411477219537e+02 4.809913118803508802e-01 1.999959400467608006e-01
5.137678448284174237e+02 4.815893225242683373e-01 1.979298482795108782e-01
5.138902776783800164e+02 4.812905664044748177e-01 1.992046076734568238e-01
5.140127397045607722e+02 4.814896060163459390e-01 1.952979619129950883e-01
5.141352309139130057e+02 4.813155856910021346e-01 1.948451767122114653e-01
5.142577513133902585e+02 4.812294574916819445e-01 1.920811126152663917e-01
5.143803009099491419e+02 4.818168029923426965e-01 1.904276054350555469e-01
5.145028797105474041e+02 4.816643342427355812e-01 1.883457231270488919e-01
5.146254877221443849e+02 4.815760475370341465e-01 1.859695096923568158e-01
5.147481249517013566e+02 4.820629155804849741e-01 1.860644497044434686e-01
5.148707914061809561e+02 4.819657802213819231e-01 1.832751083520838264e-01
5.149934870925476389e+02 4.825387858075144143e-01 1.828112455936503622e-01
5.151162120177673387e+02 4.822270350070598233e-01 1.810486497788930116e-01
5.152389661888084902e+02 4.821258519239444706e-01 1.781237630619818546e-01
5.153617496126394144e+02 4.818002506382698114e-01 1.754989484620073092e-01
5.154845622962316156e+02 4.821109872339490732e-01 1.739327028142838572e-01
5.156074042465578486e+02 4.821352508806526216e-01 1.708930016042957689e-01
5.157302754705924599e+02 4.825748116640675711e-01 1.701643292625698578e-01
5.158531759753116148e+02 4.823950659306607824e-01 1.690505281493011047e-01
5.159761057676927294e+02 4.828644339151819120e-01 1.682747924059260214e-01
5.160990648547154933e+02 4.828944429637996860e-01 1.658829213936940938e-01
5.162220532433607332e+02 4.825231288559490572e-01 1.640696912458206036e-01
5.163450709406115493e+02 4.835398386173830332e-01 1.610091338271568695e-01
5.164681179534516104e+02 4.831851788362991895e-01 1.590909057962548445e-01
5.165911942888672002e+02 4.830239916593903615e-01 1.589070714957498964e-01
5.167142999538459662e+02 4.832128386257031893e-01 1.567868436603427895e-01
5.168374349553774891e+02 4.826379780309492662e-01 1.551587216338554676e-01
5.169605993004524862e+02 4.832191031575738815e-01 1.519816453056779260e-01
5.170837929960639485e+02 4.833743495328386985e-01 1.504625664943781693e-01
5.172070160492058903e+02 4.837304762513065515e-01 1.483768295822924799e-01
5.173302684668745997e+02 4.833227660119879254e-01 1.464453818783337802e-01
5.174535502560676150e+02 4.836249311010324958e-01 1.445632889209567118e-01
5.175768614237848624e+02 4.841598741402469708e-01 1.431501272728650243e-01
5.177002019770262677e+02 4.831886036583098454e-01 1.414831728780328035e-01
5.178235719227950540e+02 4.841619775457871588e-01 1.403119115369424463e-01
5.179469712680955809e+02 4.833620614194274467e-01 1.370535601246327673e-01
5.180704000199339134e+02 4.843648435693196364e-01 1.371053934841608424e-01
5.181938581853177084e+02 4.844068428728883213e-01 1.355594485324460585e-01
5.183173457712562140e+02 4.844606922312610364e-01 1.330945431506838084e-01
5.184408627847607249e+02 4.837906301334359838e-01 1.301210866921262976e-01
5.185644092328436727e+02 4.843111213583102259e-01 1.298863755419379373e-01
5.186879851225199900e+02 4.841546723692171095e-01 1.263248875128466508e-01
5.188115904608048368e+02 4.837411203977836083e-01 1.250729449636374113e-01
5.189352252547163289e+02 4.845972017895835426e-01 1.233004890813869103e-01
5.190588895112739465e+02 4.847429340782420382e-01 1.219600249245851309e-01
5.191825832374986476e+02 4.845871063347318985e-01 1.201980485871456672e-01
5.193063064404132092e+02 4.843773469022366607e-01 1.183233314842895290e-01
5.194300591270420000e+02 4.844821521126779773e-01 1.162596296151163777e-01
5.195538413044112076e+02 4.847792668718224895e-01 1.140904017093782308e-01
5.196776529795486113e+02 4.849168181587549808e-01 1.117731888110542471e-01
5.198014941594839229e+02 4.850136240223223982e-01 1.110619060169755201e-01
5.199253648512474228e+02 4.853308811024005243e-01 1.096162142711278875e-01
5.200492650618723474e+02 4.843811469234116651e-01 1.074213162584811698e-01
5.201731947983931832e+02 4.844386281732393496e-01 1.063063526685033011e-01
5.202971540678460087e+02 4.844888596647039525e-01 1.013953628089190317e-01
5.204211428772687213e+02 4.846057029275391281e-01 1.013085250441969620e-01
5.205451612337006964e+02 4.848735114576436800e-01 9.919647490499805542e-02
5.206692091441832417e+02 4.857873744617169920e-01 9.790259172150284073e-02
5.207932866157590297e+02 4.842281625112053178e-01 9.571355409755621935e-02
5.209173936554727788e+02 4.839979468214103964e-01 9.544599597929304124e-02
5.210415302703709131e+02 4.857286353296024206e-01 9.320233192439664194e-02
5.211656964675006520e+02 4.849963486834989457e-01 9.207094317159247865e-02
5.212898922539118303e+02 4.846688107151668201e-01 8.815769619865543305e-02
5.214141176366557602e+02 4.846424129473362874e-01 8.752719113080287272e-02
5.215383726227852321e+02 4.842601565185031265e-01 8.357863453400815601e-02
5.216626572193550828e+02 4.850337704912239811e-01 8.374575142443063669e-02
5.217869714334213995e+02 4.848742984215941298e-01 8.277810438398480741e-02
5.219113152720423159e+02 4.843409947071856680e-01 8.093426059730735034e-02
5.220356887422773298e+02 4.842533974288546483e-01 7.935441889446970265e-02
5.221600918511882128e+02 4.851294292724739332e-01 7.753890980007449585e-02
5.222845246058371913e+02 4.850892213373843020e-01 7.547147374625851057e-02
5.224089870132893338e+02 4.847797696204720896e-01 7.336354158451019458e-02
5.225334790806109595e+02 4.851925223041195778e-01 7.210956578881067003e-02
5.226580008148702063e+02 4.845834368993855445e-01 7.055868520777863750e-02
5.227825522231369177e+02 4.848680685846443184e-01 6.722090411357495299e-02
5.229071333124823013e+02 4.847348056042720121e-01 6.532434863733715957e-02
5.230317440899796111e+02 4.846613536644581166e-01 6.320399406032350953e-02
5.231563845627036926e+02 4.851251359633588778e-01 6.181663185291430551e-02
5.232810547377314379e+02 4.846874981598442989e-01 6.116496669024318322e-02
5.234057546221399662e+02 4.851034172932099375e-01 5.803323742581767419e-02
5.235304842230098075e+02 4.846814626177667340e-01 5.761516383603026981e-02
5.236552435474224012e+02 4.839004530152564154e-01 5.578300866138263814e-02
5.237800326024610058e+02 4.847706929464741243e-01 5.284377369566684024e-02
5.239048513952104713e+02 4.846224897157664357e-01 5.163045114465480978e-02
5.240296999327575804e+02 4.847068290003364033e-01 4.875900837722735304e-02
5.241545782221903664e+02 4.845436348257617376e-01 4.719862319300816011e-02
5.242794862705991363e+02 4.846965285137067592e-01 4.631775097010404352e-02
5.244044240850757888e+02 4.846851660463720179e-01 4.400274321462749327e-02
5.245293916727129044e+02 4.844487630197475969e-01 4.203166197244101454e-02
5.246543890406059063e+02 4.840210774260393922e-01 3.963254550416017707e-02
5.247794161958515815e+02 4.852458589487502749e-01 3.843622305097671443e-02
5.249044731455484225e+02 4.844372365031022198e-01 3.735510187647195224e-02
5.250295598967965134e+02 4.845322783117942955e-01 3.393459165197265648e-02
5.251546764566976435e+02 4.843423386993709334e-01 3.306632609203186135e-02
5.252798228323553076e+02 4.846316425149143625e-01 3.138706308701344483e-02
5.254049990308749329e+02 4.842211025059038887e-01 2.954653711517485348e-02
5.255302050593630838e+02 4.845800741452755411e-01 2.673816546718077447e-02
5.256554409249291666e+02 4.841778053660521497e-01 2.537804027093404358e-02
5.257807066346822467e+02 4.832111393150583800e-01 2.421797854680551865e-02
5.259060021957349136e+02 4.849001510242705870e-01 2.173511334761535352e-02
5.260313276152008939e+02 4.839927365015052052e-01 1.997513490253322033e-02
5.261566829001955057e+02 4.840482673689149862e-01 1.904916009494694862e-02
5.262820680578357724e+02 4.836182879034740534e-01 1.624114167800305708e-02
5.264074830952405364e+02 4.840316907780335409e-01 1.516722171276496667e-02
5.265329280195302317e+02 4.843449536347929074e-01 1.339449086852617654e-02
5.266584028378268840e+02 4.836787454994224689e-01 1.115511860865314731e-02
5.267839075572551337e+02 4.837833423872751060e-01 9.576997825718525092e-03
5.269094421849392802e+02 4.826799440454240808e-01 8.251756712652547066e-03
5.270350067280072608e+02 4.835365558066267444e-01 5.435407065887520872e-03
5.271606011935879224e+02 4.835959917426101429e-01 3.850908248215656471e-03
5.272862255888119307e+02 4.839162761686578440e-01 2.342453849119685572e-03
5.274118799208116570e+02 4.830110941697397520e-01 1.053896986164648553e-03
5.275375641967210640e+02 4.836080341768330682e-01 -1.947690667711832191e-03
5.276632784236760472e+02 4.831634708644416132e-01 -3.255434715942584489e-03
5.277890226088138661e+02 4.827890607042828464e-01 -5.642949537637775848e-03
5.279147967592742816e+02 4.822352541322683095e-01 -6.435844742714191824e-03
5.280406008821972819e+02 4.829139208430988650e-01 -8.237068977798855940e-03
5.281664349847256972e+02 4.829481887971072140e-01 -1.097853286616112811e-02
5.282922990740038358e+02 4.832427512367525324e-01 -1.282755151366155033e-02
5.284181931571778250e+02 4.824239125892013647e-01 -1.398878971042583075e-02
5.285441172413950426e+02 4.825103302343407008e-01 -1.682796448377033016e-02
5.286700713338050264e+02 4.829385538105970821e-01 -1.845404419018681352e-02
5.287960554415589058e+02 4.830844988662837958e-01 -2.028008183616414328e-02
5.289220695718092884e+02 4.824805063741055555e-01 -1.949404561523948587e-02
5.290481137317107141e+02 4.827868434965220112e-01 -2.359087245199686933e-02
5.291741879284198831e+02 4.824178502729156159e-01 -2.457390536776049572e-02
5.293002921690936091e+02 4.823090476759600009e-01 -2.643470785916379739e-02
5.294264264608921167e+02 4.823718612271160611e-01 -2.757521772059279286e-02
5.295525908109766533e+02 4.823432139214569592e-01 -2.906029410529287205e-02
5.296787852265101719e+02 4.820744768666602731e-01 -3.050760052948753298e-02
5.298050097146574444e+02 4.817054345499470758e-01 -3.451763149214892579e-02
5.299312642825848343e+02 4.821512511300612425e-01 -3.515930624875229782e-02
5.300575489374605240e+02 4.818812212934257544e-01 -3.716453029825794729e-02
5.301838636864544014e+02 4.815531494708942817e-01 -3.911283353843586497e-02
5.303102085367382870e+02 4.812547392542680380e-01 -3.878821638345364420e-02
5.304365834954845695e+02 4.812159353410896956e-01 -4.164326953160735201e-02
5.305629885698688213e+02 4.820923822701425054e-01 -4.376329594323458139e-02
5.306894237670676375e+02 4.814536191265751386e-01 -4.557847843075935046e-02
5.308158890942593189e+02 4.818411207094707160e-01 -4.745390104173052848e-02
5.309423845586239850e+02 4.811482298748627762e-01 -4.920430314780022130e-02
5.310689101673434607e+02 4.804988508843975326e-01 -5.053034973351389070e-02
5.311954659276013899e+02 4.806953753180158717e-01 -5.459148776773936618e-02
5.313220518465827809e+02 4.817107927549072466e-01 -5.406844596579496454e-02
5.314486679314751427e+02 4.810340152761420351e-01 -5.750191286300054827e-02
5.315753141894662122e+02 4.804546211790585164e-01 -5.823401705216246782e-02
5.317019906277467953e+02 4.807044566914279171e-01 -5.999538280671234958e-02
5.318286972535090626e+02 4.798884204893819616e-01 -6.104640655912163538e-02
5.319554340739465488e+02 4.801906963724545951e-01 -6.301090391652941491e-02
5.320822010962550621e+02 4.795077775925715713e-01 -6.599167926656379635e-02
5.322089983276316616e+02 4.795899394663392101e-01 -6.641145133574788417e-02
5.323358257752753389e+02 4.802741889786762974e-01 -6.949930685884897485e-02
5.324626834463866771e+02 4.791934936308531734e-01 -6.982327982127856103e-02
5.325895713481681923e+02 4.795728283933738401e-01 -7.223559969110526779e-02
5.327164894878242194e+02 4.793506589186057321e-01 -7.421426436351463707e-02
5.328434378725597753e+02 4.794955197812418302e-01 -7.648836131832004170e-02
5.329704165095828330e+02 4.793176627044412053e-01 -7.851882985779656821e-02
5.330974254061026159e+02 4.790432672533709857e-01 -7.955714199176400214e-02
5.332244645693300527e+02 4.791180809604904112e-01 -8.231285494415852000e-02
5.333515340064778911e+02 4.788499769927076488e-01 -8.384322517306941336e-02
5.334786337247604706e+02 4.783989674751888965e-01 -8.485699665674140135e-02
5.336057637313938358e+02 4.779599205079054780e-01 -8.536370490406763878e-02
5.337329240335958502e+02 4.780922498197169856e-01 -8.908880901253768414e-02
5.338601146385866514e+02 4.781544684572571202e-01 -9.065796905774581305e-02
5.339873355535863766e+02 4.781351438866692782e-01 -9.301631826121781188e-02
5.341145867858186875e+02 4.777847262025144981e-01 -9.413012466187442584e-02
5.342418683425081554e+02 4.778119461928522216e-01 -9.563426312152500941e-02
5.343691802308812839e+02 4.772948013093832320e-01 -9.758042005781142336e-02
5.344965224581662824e+02 4.772193661829952638e-01 -9.848505345681424217e-02
5.346238950315928378e+02 4.770226520335857368e-01 -1.019370029803816635e-01
5.347512979583926835e+02 4.766738089819910762e-01 -1.031122230766645664e-01
5.348787312457991447e+02 4.768864532639466303e-01 -1.045930748046979275e-01
5.350061949010478202e+02 4.768928215877880628e-01 -1.053099512990991471e-01
5.351336889313743086e+02 4.758838919734600936e-01 -1.072713822371293979e-01
5.352612133440178468e+02 4.766510541952833080e-01 -1.092317354705545362e-01
5.353887681462184673e+02 4.769502950719761158e-01 -1.127521446799901739e-01
5.355163533452181355e+02 4.759724420465529793e-01 -1.143026010805225923e-01
5.356439689482606354e+02 4.758502840433948000e-01 -1.152201085695314653e-01
5.357716149625912294e+02 4.752081844248624010e-01 -1.149139932183511625e-01
5.358992913954572259e+02 4.755271243094484901e-01 -1.186684899350916034e-01
5.360269982541072977e+02 4.758088382101963165e-01 -1.200401958912182820e-01
5.361547355457920503e+02 4.745736452832754471e-01 -1.217294733276483854e-01
5.362825032777644765e+02 4.749617852017595787e-01 -1.229467896450531228e-01
5.364103014572773418e+02 4.746671379452677697e-01 -1.250692492043579129e-01
5.365381300915871634e+02 4.742535604319442211e-01 -1.284314362341683058e-01
5.366659891879512543e+02 4.748177518154545473e-01 -1.297134970178226432e-01
5.367938787536288601e+02 4.746446657275005809e-01 -1.298032512096325419e-01
5.369217987958810454e+02 4.735517194750261671e-01 -1.321142288764636241e-01
5.370497493219704666e+02 4.741171499363819319e-01 -1.340750924803852939e-01
5.371777303391614851e+02 4.739156201141040414e-01 -1.352855771334695589e-01
5.373057418547202815e+02 4.738340338779681860e-01 -1.372119858250000490e-01
5.374337838759150827e+02 4.731651798083514326e-01 -1.397681119231588553e-01
5.375618564100147978e+02 4.732643931592230291e-01 -1.417085315196251472e-01
5.376899594642909506e+02 4.733736080450736683e-01 -1.434058483918851934e-01
5.378180930460168838e+02 4.732308156908229257e-01 -1.444999773297586110e-01
5.379462571624673046e+02 4.724202977975866524e-01 -1.459983139485649950e-01
5.380744518209187390e+02 4.726973749437968775e-01 -1.478496200437167118e-01
5.382026770286494184e+02 4.719090638055298825e-01 -1.506075841542147131e-01
5.383309327929393930e+02 4.719654998406330182e-01 -1.512045447314669389e-01
5.384592191210704186e+02 4.719150348613045387e-01 -1.528641331273110637e-01
5.385875360203265245e+02 4.710694544797273120e-01 -1.540014095155779472e-01
5.387158834979918538e+02 4.715330250538873336e-01 -1.578872525117596126e-01
5.388442615613538464e+02 4.717881820887345201e-01 -1.580982631995149212e-01
5.389726702177013067e+02 4.705384465560779050e-01 -1.602183326068939984e-01
5.391011094743245167e+02 4.713152817169120046e-01 -1.634512396598517547e-01
5.392295793385158049e+02 4.709860163792441434e-01 -1.616251625962870087e-01
5.393580798175688642e+02 4.707339621178240341e-01 -1.656883246308589186e-01
5.394866109187794336e+02 4.702171742757881856e-01 -1.663983687811061429e-01
5.396151726494449576e+02 4.707117530308668751e-01 -1.671197769115768672e-01
5.397437650168649270e+02 4.702952122656932077e-01 -1.704920942856884558e-01
5.398723880283394010e+02 4.699453321009431361e-01 -1.726449262559088815e-01
5.400010416911711673e+02 4.693752072565430811e-01 -1.745681200152060519e-01
5.401297260126648325e+02 4.691918068440341649e-01 -1.742736558501225552e-01
5.402584410001263677e+02 4.693536834620619658e-01 -1.771326764448901692e-01
5.403871866608636765e+02 4.685187056733721156e-01 -1.784417243529548003e-01
5.405159630021861403e+02 4.690352777793482253e-01 -1.798851590274002099e-01
5.406447700314051872e+02 4.688062527726180040e-01 -1.816957302244284200e-01
5.407736077558338366e+02 4.678699384540304651e-01 -1.831452292225526080e-01
5.409024761827868133e+02 4.678517275462123481e-01 -1.846472387892919009e-01
5.410313753195812296e+02 4.681615516296543933e-01 -1.868978872804998304e-01
5.411603051735343115e+02 4.675769138448409024e-01 -1.887544178592497346e-01
5.412892657519666955e+02 4.675210736423506819e-01 -1.899825129074370622e-01
5.414182570621999275e+02 4.672064616406512161e-01 -1.915062224670625035e-01
5.415472791115577138e+02 4.672762878278682308e-01 -1.922497602134027872e-01
5.416763319073652383e+02 4.666512788181916838e-01 -1.947540121451676320e-01
5.418054154569495040e+02 4.667876583593502104e-01 -1.966511568488384931e-01
5.419345297676391056e+02 4.666808375388882824e-01 -1.989283872448170953e-01
5.420636748467647976e+02 4.659395214314306921e-01 -2.005943745939267053e-01
5.421928507016590402e+02 4.660214339071187539e-01 -2.025975913603397238e-01
5.423220573396550890e+02 4.664003134833663577e-01 -2.046060298902898644e-01
5.424512947680889283e+02 4.656886614179180928e-01 -2.065644489424931507e-01
5.425805629942982478e+02 4.654905916668982679e-01 -2.065044904733368547e-01
5.427098620256222148e+02 4.651322038429857586e-01 -2.105215948155962913e-01
5.428391918694017022e+02 4.643239866357788959e-01 -2.102494246237447406e-01
5.429685525329795155e+02 4.645931734093423637e-01 -2.109511911862189670e-01
5.430979440237000517e+02 4.647510331441718767e-01 -2.139459621260821898e-01
5.432273663489096407e+02 4.642402495283827757e-01 -2.161011293079737605e-01
5.433568195159567722e+02 4.643476431541342930e-01 -2.163161511188671504e-01
5.434863035321901634e+02 4.633047137592485321e-01 -2.188157234555037078e-01
5.436158184049617148e+02 4.628565682320219810e-01 -2.222217769179755109e-01
5.437453641416246910e+02 4.629621798924997145e-01 -2.217333071739884254e-01
5.438749407495340620e+02 4.626295722581980630e-01 -2.249874371102360548e-01
5.440045482360466167e+02 4.636886115940634934e-01 -2.255153303279886501e-01
5.441341866085208494e+02 4.630430394941582595e-01 -2.260103293715247652e-01
5.442638558743168460e+02 4.625772470106782053e-01 -2.282080641039438973e-01
5.443935560407968524e+02 4.628051027613411250e-01 -2.302601053920230179e-01
5.445232871153244787e+02 4.618500810330582462e-01 -2.312941334758140677e-01
5.446530491052657226e+02 4.608718651554993273e-01 -2.324158060643330970e-01
5.447828420179869227e+02 4.612965979642951742e-01 -2.366620676274364676e-01
5.449126658608574871e+02 4.611350714938906026e-01 -2.377164014325328090e-01
5.450425206412483021e+02 4.611063815200604488e-01 -2.371601872749184992e-01
5.451724063665318454e+02 4.601629418383501036e-01 -2.403348525493389509e-01
5.453023230440822999e+02 4.603530046347660831e-01 -2.416100388927140408e-01
5.454322706812758952e+02 4.598000668564674598e-01 -2.429692904112505936e-01
5.455622492854903385e+02 4.599065782678739001e-01 -2.445112766899701917e-01
5.456922588641051561e+02 4.602500074048562761e-01 -2.446831081028899568e-01
5.458222994245022619e+02 4.590978604660365114e-01 -2.485486319402117061e-01
5.459523709740636832e+02 4.583537217173078160e-01 -2.491793049554642536e-01
5.460824735201747444e+02 4.585983550767585015e-01 -2.505919425764333575e-01
5.462126070702220204e+02 4.580794058679956149e-01 -2.519954530064745235e-01
5.463427716315940188e+02 4.581121134097951852e-01 -2.540471265451031968e-01
5.464729672116806114e+02 4.582165521352443149e-01 -2.541402528532969995e-01
5.466031938178738301e+02 4.572871591434218286e-01 -2.573827338744760773e-01
5.467334514575674120e+02 4.574445704053120565e-01 -2.604727584658625972e-01
5.468637401381564587e+02 4.572342222842975534e-01 -2.615364728206501788e-01
5.469940598670389136e+02 4.573694634916117274e-01 -2.627689037573572861e-01
5.471244106516126067e+02 4.567184405592476515e-01 -2.632149799084246844e-01
5.472547924992787785e+02 4.567095394821913401e-01 -2.659878701260138811e-01
5.473852054174396926e+02 4.558953074693995466e-01 -2.657785139499031501e-01
5.475156494134997729e+02 4.558485902479688101e-01 -2.694306729745408191e-01
5.476461244948649210e+02 4.554695353346657760e-01 -2.706542394088384818e-01
5.477766306689429712e+02 4.555686537747454801e-01 -2.719144012678653688e-01
5.479071679431433495e+02 4.549563039629092032e-01 -2.746276800702762699e-01
5.480377363248773008e+02 4.546902518528335158e-01 -2.750865644060564996e-01
5.481683358215584576e+02 4.546953777077253345e-01 -2.760290984789186552e-01
5.482989664406005659e+02 4.549145421252660526e-01 -2.791243218643431057e-01
5.484296281894206686e+02 4.542918884142935210e-01 -2.799520715353418510e-01
5.485603210754372867e+02 4.534234412958690896e-01 -2.818938052462556243e-01
5.486910451060703053e+02 4.538097103825243228e-01 -2.831165830541757522e-01
5.488218002887417697e+02 4.528199759865058627e-01 -2.842482717476157994e-01
5.489525866308753166e+02 4.524593563956000875e-01 -2.876664416013881009e-01
5.490834041398962881e+02 4.527358859677299008e-01 -2.878478038181322418e-01
5.492142528232319592e+02 4.519929661355728268e-01 -2.882390562340022555e-01
5.493451326883111960e+02 4.524388125230553448e-01 -2.899355514663102262e-01
5.494760437425653663e+02 4.521756734067379213e-01 -2.922699918285962539e-01
5.496069859934258375e+02 4.515998284884386038e-01 -2.953908258896054129e-01
5.497379594483273877e+02 4.511229439627782445e-01 -2.968514714582739522e-01
5.498689641147060456e+02 4.510120108884337342e-01 -2.978265832231334898e-01
